5
9
5
3
3
8
2
2
5
1
8
5
3
9
4
8
5
7
4
4
6
6
8
8
5
7
6
3
6
9
7
9
7
8
4
9
8
5
8
5
9
9
6
6
6
6
7
5
7
4
6
6
7
8
7
9
7
7
9
8
7
9
6
5
7
5
9
7
6
7
7
6
8
7
5
9
7
7
7
9
8
6
7
7
8
8
9
6
6
8
7
9
8
7
7
7
6
7
8
5
6
6
9
8
7
9
9
7
5
8
7
6
9
5
7
6
7
9
8
7
6
9
8
7
8
8
4
8
9
8
7
8
7
7
4
8
7
8
6
7
8
7
8
7
8
7
7
8
9
8
8
8
8
8
8
4
8
9
9
6
6
9
9
9
7
7
7
7
6
9
7
8
8
7
7
8
8
9
8
8
9
8
7
8
8
8
8
8
8
8
6
9
7
7
9
8
8
8
6
9
8
8
8
8
8
8
8
9
7
9
8
7
5
7
8
8
9
9
6
9
8
9
9
9
6
8
8
10
9
9
9
8
9
8
9
8
6
8
8
7
8
9
8
8
9
8
8
8
10
8
9
9
9
9
9
9
9
10
9
9
9
6
9
9
8
9
8
9
7
7
8
10
8
9
9
8
8
7
9
9
7
8
9
9
8
9
9
7
8
7
9
8
9
9
9
10
7
Searching took 0 comparisons
Inserting took 4445 comparisons
