3
4
2
8
7
3
6
5
6
7
5
6
6
9
2
4
8
6
7
8
3
8
9
5
4
6
5
7
6
9
3
1
6
9
9
7
8
4
9
6
8
5
8
8
4
5
7
6
4
9
5
7
4
4
8
10
8
9
9
6
6
9
5
7
8
10
10
7
7
9
9
9
8
10
9
9
9
8
6
9
8
9
9
5
6
7
9
7
9
7
9
6
8
10
5
7
10
8
9
10
7
5
9
5
9
7
6
8
8
8
9
7
6
8
8
8
8
6
7
9
9
8
7
9
9
5
7
9
8
9
10
8
8
6
9
6
8
9
5
7
7
8
6
9
10
10
8
6
9
9
9
7
8
7
8
9
9
8
9
9
7
6
9
9
6
9
8
8
9
8
9
8
9
7
8
9
9
10
7
8
9
9
9
10
9
8
10
9
8
7
7
8
9
7
8
9
8
10
9
9
10
8
9
10
6
8
8
9
6
7
7
10
9
7
7
7
9
9
7
9
8
8
9
10
9
9
10
8
9
5
8
10
7
8
8
8
9
8
8
10
7
7
7
9
9
9
7
10
9
7
8
7
8
10
8
7
7
6
9
10
9
8
9
9
9
10
7
10
7
10
8
9
9
8
9
7
8
9
8
9
7
9
5
9
7
10
10
8
9
7
8
9
9
7
10
9
7
9
8
8
9
9
10
7
9
9
8
8
10
6
7
10
8
8
8
8
10
10
8
8
10
9
9
10
7
6
8
9
7
9
10
9
9
9
9
9
8
8
9
9
9
7
10
8
9
8
9
8
9
9
10
7
6
9
6
8
8
8
10
10
8
7
10
10
9
9
9
9
6
8
9
7
8
9
9
9
10
9
9
8
9
9
9
9
9
10
8
9
10
9
9
9
10
8
10
8
9
10
8
9
10
10
10
8
10
8
8
9
10
8
9
10
10
10
9
9
9
8
10
9
10
8
10
10
8
10
9
9
10
10
8
9
8
9
9
10
8
9
9
10
8
10
10
9
11
10
8
10
8
10
10
8
8
10
8
8
11
9
9
9
8
10
11
10
10
9
9
8
10
9
10
10
8
9
10
10
9
9
10
9
10
10
8
10
9
10
10
9
10
9
7
9
8
9
8
10
9
10
10
10
10
9
10
9
10
9
9
8
9
9
9
9
10
10
9
9
8
11
9
11
8
10
9
8
7
9
8
10
10
9
10
9
10
9
8
9
9
7
10
8
9
11
8
9
10
11
11
10
9
8
10
11
10
9
9
9
10
11
10
9
10
10
10
11
10
10
10
10
10
10
10
9
9
9
9
9
10
10
10
10
10
10
10
11
10
9
10
9
10
10
9
9
9
Searching took 0 comparisons
Inserting took 10039 comparisons
