1
3
5
3
7
7
9
11
9
13
9
11
5
13
5
15
15
5
11
11
13
7
15
7
15
17
9
15
11
11
9
15
17
17
11
7
17
17
19
13
21
15
19
13
7
13
15
13
13
9
19
17
17
15
15
17
19
11
17
17
11
13
19
21
11
23
13
21
21
19
17
15
23
13
23
19
19
17
13
15
23
17
17
23
25
21
17
13
23
25
9
9
11
19
23
25
27
19
11
15
7
21
19
19
15
21
19
21
15
15
25
19
23
17
17
27
13
19
9
13
21
17
19
15
21
11
21
25
15
11
19
13
9
25
21
21
19
13
11
23
7
27
21
23
23
29
9
17
25
21
23
17
17
21
17
21
29
23
15
19
15
17
19
23
23
13
13
19
19
23
13
19
19
25
19
23
15
25
13
9
25
17
21
23
19
15
11
21
21
23
19
25
11
19
21
27
31
17
29
23
23
31
23
21
21
15
15
27
17
21
13
11
21
23
13
21
25
29
23
19
29
25
9
19
15
13
33
17
25
23
15
21
21
23
13
9
21
25
31
19
27
25
15
9
11
23
15
17
19
21
25
11
27
19
29
25
23
17
19
19
23
25
11
25
15
27
17
29
33
17
23
27
27
23
27
31
23
25
17
17
23
27
21
31
19
27
19
27
23
31
27
31
15
21
23
21
25
15
23
21
17
25
29
19
23
23
25
19
23
27
15
19
23
19
21
25
29
27
25
17
33
23
21
17
15
29
29
25
17
19
19
13
25
23
27
15
21
25
25
27
13
17
25
31
23
15
15
17
27
31
21
15
21
27
23
27
19
21
25
21
17
21
27
27
23
29
17
17
17
23
29
25
23
15
25
23
23
19
25
31
11
25
19
33
35
19
11
23
23
25
19
27
21
27
29
19
21
33
17
35
33
21
21
25
33
21
17
35
23
17
23
27
25
15
29
27
29
29
23
31
27
23
37
33
19
21
17
23
27
27
27
21
21
17
19
25
13
23
19
21
19
15
27
21
25
25
27
33
25
23
27
27
23
11
17
27
29
13
33
29
27
29
29
29
25
19
13
31
25
19
33
21
25
21
25
17
29
23
19
25
23
17
23
31
35
13
25
25
21
31
25
27
29
13
15
23
25
19
23
19
29
25
25
19
27
19
31
21
27
15
17
25
19
21
31
11
19
29
27
27
23
19
29
27
23
27
29
29
25
19
25
23
27
13
19
21
17
25
31
15
21
31
23
23
25
27
31
23
29
27
25
29
17
25
23
21
21
25
25
29
27
23
21
17
19
17
21
21
19
37
21
19
27
25
19
11
27
21
23
21
17
19
19
35
27
25
29
25
15
23
27
25
29
Searching took 0 comparisons
Inserting took 5860 comparisons
