1
3
5
5
7
7
9
9
11
13
7
9
9
11
13
15
9
11
7
17
11
19
21
17
23
19
25
25
13
9
11
11
13
27
11
13
11
21
11
13
13
13
29
23
27
15
23
13
13
15
17
15
13
15
21
25
13
31
25
13
15
15
11
17
15
25
33
19
17
13
29
13
17
17
21
15
15
27
15
27
9
27
19
13
23
19
21
11
15
13
15
29
13
17
29
15
17
11
15
15
15
15
15
21
29
17
31
33
29
19
21
23
15
17
17
15
27
31
15
23
19
25
19
31
21
29
23
31
19
17
21
15
19
21
13
25
3
23
23
15
17
23
13
19
23
19
31
17
15
17
31
17
17
25
23
33
35
17
21
17
33
19
25
25
15
19
17
21
15
15
5
33
35
17
17
17
33
19
31
17
25
23
17
23
25
19
29
29
23
21
17
23
17
19
19
17
17
23
27
29
33
17
25
27
17
37
21
31
21
31
31
17
21
39
15
19
19
33
19
23
19
35
23
19
25
15
35
21
33
29
19
33
33
27
19
19
7
35
33
15
19
21
19
7
33
19
35
25
15
17
27
13
23
35
21
37
21
33
19
19
25
17
19
19
25
23
17
31
17
19
25
33
35
11
23
29
19
29
37
37
31
21
29
25
21
25
13
21
21
35
35
17
17
41
37
39
19
Searching took 0 comparisons
Inserting took 2912 comparisons
