1
3
5
3
5
7
5
7
9
9
9
11
13
11
5
15
7
13
17
9
17
11
7
13
9
15
7
19
21
11
13
7
11
9
13
19
19
13
15
23
11
15
9
15
9
17
11
21
11
13
11
17
11
17
21
13
15
19
13
17
25
15
19
23
9
13
21
13
15
15
17
11
15
13
15
13
23
23
21
27
19
15
25
17
7
23
9
17
25
11
17
17
17
19
15
13
11
17
23
17
19
17
19
25
17
21
11
23
13
11
13
17
9
25
19
25
17
15
19
15
25
27
17
15
29
21
19
15
27
17
17
19
27
21
21
23
21
21
15
21
9
25
19
27
19
21
11
13
19
9
23
29
25
29
19
21
29
25
23
11
13
17
15
25
21
17
19
13
31
19
13
19
21
27
23
21
15
11
13
13
21
21
13
27
23
27
15
25
31
29
29
25
17
19
23
21
21
21
23
19
17
23
25
21
23
23
15
15
19
15
29
27
15
23
11
17
31
25
21
27
25
23
17
23
33
29
29
25
23
25
23
21
19
33
27
25
17
23
29
17
13
31
17
27
27
23
31
21
17
25
27
19
27
27
23
27
13
25
25
23
33
19
29
17
25
21
19
17
27
29
29
15
13
23
25
27
23
19
21
19
31
19
27
13
15
25
21
31
19
17
17
11
31
15
19
29
9
29
29
15
29
29
33
29
23
33
31
21
19
13
31
25
29
11
19
17
27
29
21
19
21
17
15
21
35
25
29
19
33
33
13
25
19
33
19
31
19
25
35
17
35
31
25
19
19
29
33
25
31
29
15
21
37
17
19
21
27
19
23
21
27
13
17
23
27
15
23
27
27
35
21
33
19
27
27
13
17
25
19
19
15
21
15
31
13
25
15
15
23
15
23
19
7
13
15
21
23
21
19
19
25
27
11
15
23
21
29
15
19
17
19
31
15
31
21
25
25
35
31
35
23
15
23
21
29
27
25
21
17
23
27
13
29
33
29
27
15
21
29
17
19
31
19
17
21
19
29
23
31
23
21
21
21
31
27
17
21
27
17
19
17
23
25
23
21
31
33
15
23
21
25
29
27
27
19
17
31
21
21
27
17
25
11
25
15
25
25
39
29
23
29
33
21
17
21
21
25
19
15
27
17
27
29
19
29
19
15
19
21
23
33
31
17
19
23
23
33
21
29
27
29
21
31
23
17
21
31
19
31
31
23
19
19
35
21
19
33
13
31
21
29
25
15
35
37
37
21
21
31
25
27
17
31
25
23
17
35
23
35
33
33
37
31
17
29
33
21
23
23
17
29
23
35
19
35
21
17
15
11
25
23
25
25
31
19
35
25
23
33
25
17
23
17
13
27
19
29
23
31
33
31
37
27
31
11
23
35
35
23
23
27
31
21
23
27
21
33
27
15
37
25
23
13
31
17
25
25
19
27
33
29
31
29
25
29
25
29
19
35
25
39
17
35
29
29
29
17
31
21
27
29
29
23
35
23
21
23
37
31
31
31
21
19
21
23
25
23
25
37
23
29
25
9
29
33
27
23
29
29
29
21
27
19
17
23
33
33
27
33
25
23
27
21
21
15
31
23
11
31
33
39
31
19
27
35
21
23
19
21
17
27
27
21
27
31
31
29
21
31
27
33
27
25
27
15
29
29
31
25
37
17
23
39
37
33
23
33
37
31
25
35
41
27
25
25
13
21
35
39
15
37
35
21
31
31
23
35
21
27
25
29
25
21
27
23
31
33
39
15
17
19
25
29
31
27
25
27
17
29
27
15
19
23
27
31
25
25
21
31
23
31
25
27
31
13
33
27
37
19
29
31
31
33
25
33
37
29
37
31
33
25
37
31
17
21
41
33
33
19
29
23
25
25
19
23
21
13
39
19
31
35
11
29
25
33
27
37
33
29
19
23
43
23
21
39
39
29
27
21
33
31
21
27
39
27
21
21
25
27
37
23
19
23
25
33
23
29
31
25
39
27
25
23
33
15
21
29
27
25
25
23
33
25
27
21
33
21
21
17
17
19
31
33
Searching took 0 comparisons
Inserting took 9848 comparisons
