2_18_10 2, 10
7_7_20 12, 4, 8, 16, 5, 13, 1
8_20_14 8, 16, 4, 12, 9, 1, 5, 13
1_27_08 15
6_30_10 9, 1, 5, 13, 2, 10
4_21_12 8, 16, 4, 12
1_19_20 3
8_14_12 10, 2, 6, 14, 7, 15, 3, 11
8_14_20 14, 6, 10, 2, 11, 3, 7, 15
3_3_04 3, 11, 7
6_2_08 5, 13, 1, 9, 2, 10
6_27_22 14, 6, 10, 2, 15, 7
6_15_12 10, 2, 6, 14, 7, 15
2_30_08 4, 12
1_29_00 4
5_7_16 10, 2, 6, 14, 3
7_3_06 4, 12, 16, 8, 13, 5, 9
2_24_14 5, 13
5_10_06 6, 14, 2, 10, 3
7_19_14 8, 16, 4, 12, 1, 9, 13
6_11_18 12, 4, 8, 16, 13, 5
7_15_20 14, 6, 10, 2, 3, 11, 15
8_21_02 3, 11, 15, 7, 4, 12, 16, 8
7_19_04 3, 11, 15, 7, 12, 4, 8
7_8_20 12, 4, 8, 16, 1, 9, 13
2_29_10 9, 1
2_14_14 7, 15
5_26_18 12, 4, 8, 16, 9
5_3_22 12, 4, 8, 16, 5
7_31_18 13, 5, 9, 1, 2, 10, 14
7_26_08 7, 15, 3, 11, 4, 12, 16
1_20_16 13
3_5_04 4, 12, 16
8_29_20 14, 6, 10, 2, 11, 3, 7, 15
3_25_14 10, 2, 6
6_10_16 11, 3, 7, 15, 8, 16
4_21_22 13, 5, 9, 1
3_3_14 8, 16, 12
2_23_06 5, 13
5_3_12 7, 15, 3, 11, 16
8_8_10 7, 15, 3, 11, 8, 16, 4, 12
3_30_06 3, 11, 15
2_11_20 13, 5
2_6_20 8, 16
2_17_14 8, 16
2_27_10 8, 16
8_14_16 12, 4, 8, 16, 9, 1, 5, 13
5_14_22 15, 7, 11, 3, 8
8_29_02 5, 13, 1, 9, 2, 10, 14, 6
8_8_16 10, 2, 6, 14, 11, 3, 7, 15
2_12_06 2, 10
3_11_00 3, 11, 7
1_30_20 10
2_22_20 8, 16
4_30_12 10, 2, 6, 14
8_22_00 2, 10, 14, 6, 3, 11, 15, 7
7_20_02 2, 10, 14, 6, 7, 15, 3
3_10_04 1, 9, 13
4_1_20 11, 3, 7, 15
7_23_06 5, 13, 1, 9, 14, 6, 10
5_30_12 10, 2, 6, 14, 3
6_17_22 12, 4, 8, 16, 13, 5
3_17_00 1, 9, 13
5_23_12 8, 16, 4, 12, 1
1_26_04 1
8_30_22 15, 7, 11, 3, 12, 4, 8, 16
2_7_20 12, 4
2_10_00 15, 7
8_28_02 4, 12, 16, 8, 5, 13, 1, 9
4_20_08 5, 13, 1, 9
8_22_18 11, 3, 7, 15, 12, 4, 8, 16
8_19_08 5, 13, 1, 9, 6, 14, 2, 10
4_15_22 15, 7, 11, 3
7_13_16 12, 4, 8, 16, 9, 1, 5
7_14_04 6, 14, 2, 10, 15, 7, 11
6_28_18 12, 4, 8, 16, 9, 1
4_6_14 9, 1, 5, 13
4_22_16 10, 2, 6, 14
3_11_02 4, 12, 8
5_27_00 3, 11, 15, 7, 12
7_21_04 4, 12, 16, 8, 5, 13, 1
1_6_18 7
4_2_04 3, 11, 15, 7
4_13_08 8, 16, 4, 12
1_19_06 12
3_16_06 3, 11, 7
1_18_18 6
6_26_04 5, 13, 1, 9, 2, 10
5_1_12 7, 15, 3, 11, 8
1_25_10 8
6_16_02 5, 13, 1, 9, 14, 6
7_1_10 6, 14, 2, 10, 7, 15, 3
2_23_18 11, 3
7_25_10 8, 16, 4, 12, 9, 1, 5
6_7_16 10, 2, 6, 14, 11, 3
8_16_16 12, 4, 8, 16, 9, 1, 5, 13
7_8_12 8, 16, 4, 12, 13, 5, 9
3_25_16 11, 3, 7
5_11_14 10, 2, 6, 14, 3
6_30_16 12, 4, 8, 16, 5, 13
6_18_06 4, 12, 16, 8, 1, 9
6_7_18 11, 3, 7, 15, 12, 4
8_26_10 8, 16, 4, 12, 9, 1, 5, 13
5_13_12 10, 2, 6, 14, 7
4_21_02 3, 11, 15, 7
6_11_02 4, 12, 16, 8, 5, 13
1_10_06 2
2_8_04 16, 8
1_2_18 6
2_17_02 2, 10
1_23_04 12
2_31_16 12, 4
7_4_12 7, 15, 3, 11, 12, 4, 8
5_3_18 10, 2, 6, 14, 3
7_10_08 7, 15, 3, 11, 4, 12, 16
4_6_08 6, 14, 2, 10
4_19_06 4, 12, 16, 8
8_6_00 2, 10, 14, 6, 3, 11, 15, 7
4_15_00 4,12, 16, 8
1_30_14 7
3_12_04 1, 9, 5
4_24_08 6, 14, 2, 10
2_2_18 6, 14
1_21_10 7
4_28_02 4, 12, 16, 8
5_9_20 13, 5, 9, 1, 14
8_22_16 10, 2, 6, 14, 11, 3, 7, 15
1_23_18 3
5_31_10 9, 1, 5, 13, 14
7_14_12 10, 2, 6, 14, 3, 11, 15
1_7_16 2
7_1_08 5, 13, 1, 9, 6, 14, 2
3_11_06 6, 14, 10
7_10_02 4, 12, 16, 8, 1, 9, 13
3_23_04 4, 12, 8
3_17_16 9, 1, 5
7_10_20 13, 5, 9, 1, 10, 2, 6
8_24_18 11, 3, 7, 15, 12, 4, 8, 16
6_29_00 4, 12, 16, 8, 1, 9
4_15_20 14, 6, 10, 2
1_20_04 7
4_7_18 11, 3, 7, 15
1_8_22 1
4_9_12 9, 1, 5, 13
3_27_02 4, 12, 8
6_1_06 4, 12, 16, 8, 5, 13
8_10_06 6, 14, 2, 10, 7, 15, 3, 11
2_17_10 6, 14
2_18_16 5, 13
8_21_00 2, 10, 14, 6, 3, 11, 15, 7
6_10_04 5, 13, 1, 9, 2, 10
4_24_00 2, 10, 14, 6
4_22_08 6, 14, 2, 10
5_10_00 3, 11, 15, 7, 16
4_19_16 9, 1, 5, 13
7_22_16 10, 2, 6, 14, 7, 15, 3
5_31_02 5, 13, 1, 9, 10
3_16_16 8, 16, 12
5_8_06 5, 13, 1, 9, 10
7_5_00 2, 10, 14, 6, 3, 11, 15
8_12_22 14, 6, 10, 2, 15, 7, 11, 3
1_31_04 14
8_30_16 12, 4, 8, 16, 9, 1, 5, 13
5_11_00 3, 11, 15, 7, 12
3_28_08 3, 11, 7
3_30_14 7, 15, 3
1_6_12 4
1_12_06 10
4_24_10 7, 15, 3, 11
6_4_02 2, 10, 14, 6, 15, 7
7_8_06 5, 13, 1, 9, 10, 2, 6
3_6_06 1, 9, 13
6_5_18 11, 3, 7, 15, 12, 4
4_30_20 14, 6, 10, 2
6_22_22 13, 5, 9, 1, 10, 2
4_1_12 7, 15, 3, 11
8_12_10 8, 16, 4, 12, 9, 1, 5, 13
1_27_06 14
2_12_08 3, 11
7_5_14 9, 1, 5, 13, 10, 2, 6
1_4_18 14
1_9_10 8
2_12_00 15, 7
4_2_06 4, 12, 16, 8
7_21_18 11, 3, 7, 15, 12, 4, 8
5_17_10 6, 14, 2, 10, 7
7_8_08 6, 14, 2, 10, 11, 3, 7
3_1_18 10, 2, 6
4_28_18 12, 4, 8, 16
5_16_16 12, 4, 8, 16, 13
4_30_06 7, 15, 3, 11
5_23_20 12, 4, 8, 16, 5
1_22_00 14
6_13_02 5, 13, 1, 9, 2, 10
6_7_06 5, 13, 1, 9, 6, 14
4_14_00 4,12, 16, 8
2_1_10 6, 14
6_15_10 9, 1, 5, 13, 6, 14
3_27_18 12, 4, 16
4_18_14 8, 16, 4, 12
8_4_04 3, 11, 15, 7, 4, 12, 16, 8
6_5_12 8, 16, 4, 12, 9, 1
7_22_04 4, 12, 16, 8, 1, 9, 13
4_13_06 7, 15, 3, 11
2_21_02 3, 11
1_4_04 7
8_17_14 8, 16, 4, 12, 9, 1, 5, 13
7_29_20 14, 6, 10, 2, 11, 3, 7
2_24_06 1, 9
8_16_12 10, 2, 6, 14, 7, 15, 3, 11
4_8_04 4, 12, 16, 8
3_19_20 11, 3, 15
1_17_06 4
6_13_10 9, 1, 5, 13, 6, 14
7_4_02 2, 10, 14, 6, 7, 15, 3
7_31_00 4, 12, 16, 8, 9, 1, 5
4_23_16 10, 2, 6, 14
6_13_20 14, 6, 10, 2, 11, 3
2_23_20 12, 4
5_21_20 12, 4, 8, 16, 13
6_23_22 13, 5, 9, 1, 14, 6
7_22_22 13, 5, 9, 1, 10, 2, 6
7_28_12 9, 1, 5, 13, 14, 6, 10
3_9_22 14, 6, 10
4_29_10 9, 1, 5, 13
4_5_04 4, 12, 16, 8
5_22_16 10, 2, 6, 14, 7
6_20_22 12, 4, 8, 16, 9, 1
5_4_04 3, 11, 15, 7, 8
5_9_10 8, 16, 4, 12, 9
8_25_06 6, 14, 2, 10, 7, 15, 3, 11
7_26_06 6, 14, 2, 10, 3, 11, 15
7_31_12 10, 2, 6, 14, 15, 7, 11
4_28_12 9, 1, 5, 13
4_7_06 5, 13, 1, 9
3_6_08 2, 10, 14
8_16_22 15, 7, 11, 3, 12, 4, 8, 16
3_2_22 8, 16, 4
5_28_20 13, 5, 9, 1, 2
1_17_18 10
2_15_16 12, 4
4_31_18 13, 5, 9, 1
8_2_12 7, 15, 3, 11, 8, 16, 4, 12
3_12_14 6, 14, 10
6_22_00 2, 10, 14, 6, 15, 7
7_25_16 11, 3, 7, 15, 12, 4, 8
5_30_04 6, 14, 2, 10, 15
4_16_00 4,12, 16, 8
1_24_04 8
5_9_22 14, 6, 10, 2, 15
5_13_00 4, 12, 16, 8, 1
2_27_08 7, 15
6_25_10 8, 16, 4, 12, 9, 1
5_8_14 9, 1, 5, 13, 14
1_4_20 15
3_20_00 13, 5, 1
7_4_20 11, 3, 7, 15, 16, 8, 12
1_6_00 14
3_28_14 6, 14, 10
7_12_08 7, 15, 3, 11, 12, 4, 8
4_24_20 12, 4, 8, 16
2_4_06 16, 8
3_12_06 2, 10, 6
8_10_08 7, 15, 3, 11, 8, 16, 4, 12
7_12_18 12, 4, 8, 16, 1, 9, 13
3_10_20 9, 1, 5
2_29_02 5, 13
1_23_06 13
5_25_20 13, 5, 9, 1, 14
6_22_10 7, 15, 3, 11, 4, 12
5_11_16 11, 3, 7, 15, 4
1_11_22 6
7_3_04 3, 11, 15, 7, 12, 4, 8
3_24_06 1, 9, 5
4_10_04 5, 13, 1, 9
3_7_20 12, 4, 16
4_17_18 10, 2, 6, 14
7_29_18 13, 5, 9, 1, 10, 2, 6
7_25_02 4, 12, 16, 8, 5, 13, 1
1_30_22 11
5_12_00 3, 11, 15, 7, 8
1_18_00 13
6_14_04 6, 14, 2, 10, 15, 7
8_1_08 5, 13, 1, 9, 6, 14, 2, 10
7_18_12 7, 15, 3, 11, 4, 12, 16
5_5_06 5, 13, 1, 9, 6
6_12_02 4, 12, 16, 8, 1, 9
5_31_06 7, 15, 3, 11, 12
4_21_04 4, 12, 16, 8
1_14_16 8
1_11_12 1
6_30_00 4, 12, 16, 8, 13, 5
4_9_04 5, 13, 1, 9
1_29_02 5
7_15_04 6, 14, 2, 10, 11, 3, 7
4_30_16 12, 4, 8, 16
1_19_16 1
3_22_04 16, 8, 12
3_14_12 6, 14, 2
2_16_04 2, 10
5_20_04 3, 11, 15, 7, 8
6_21_02 3, 11, 15, 7, 4, 12
5_31_08 8, 16, 4, 12, 13
3_7_22 13, 5, 1
7_24_22 13, 5, 9, 1, 2, 10, 14
4_31_02 5, 13, 1, 9
3_20_16 5, 13, 9
2_29_06 7, 15
6_30_12 10, 2, 6, 14, 3, 11
1_25_18 12
5_15_12 10, 2, 6, 14, 15
7_12_00 3, 11, 15, 7, 8, 16, 4
5_3_08 5, 13, 1, 9, 14
1_1_00 1
2_29_14 11, 3
1_30_10 5
4_10_14 10, 2, 6, 14
3_6_20 8, 16, 4
3_26_00 15, 7, 11
1_14_14 7
1_17_22 12
8_17_20 11, 3, 7, 15, 12, 4, 8, 16
2_10_14 6, 14
4_18_20 11, 3, 7, 15
4_26_12 9, 1, 5, 13
7_24_02 3, 11, 15, 7, 8, 16, 4
6_24_18 11, 3, 7, 15, 8, 16
7_2_22 12, 4, 8, 16, 9, 1, 5
5_15_10 9, 1, 5, 13, 14
4_23_12 8, 16, 4, 12
7_4_10 6, 14, 2, 10, 11, 3, 7
2_8_02 15, 7
6_17_06 4, 12, 16, 8, 5, 13
4_23_18 11, 3, 7, 15
1_7_12 16
6_25_06 6, 14, 2, 10, 7, 15
1_24_02 7
1_31_18 5
4_29_00 4,12, 16, 8
8_6_16 10, 2, 6, 14, 11, 3, 7, 15
4_2_02 2, 10, 14, 6
5_31_22 15, 7, 11, 3, 4
6_7_08 6, 14, 2, 10, 7, 15
1_16_22 3
2_30_18 9, 1
5_25_00 3, 11, 15, 7, 4
5_29_20 14, 6, 10, 2, 11
2_21_00 2, 10
4_9_22 14, 6, 10, 2
4_11_22 14, 6, 10, 2
8_21_10 7, 15, 3, 11, 8, 16, 4, 12
2_30_14 7, 15
4_26_06 6, 14, 2, 10
2_11_00 3, 11
1_23_12 16
2_26_06 2, 10
7_12_02 4, 12, 16, 8, 9, 1, 5
1_23_02 11
6_8_04 4, 12, 16, 8, 1, 9
1_13_12 10
7_13_04 6, 14, 2, 10, 3, 11, 15
1_26_08 3
2_16_06 3, 11
4_13_18 13, 5, 9, 1
1_6_10 3
1_26_06 2
1_13_16 12
1_3_20 3
5_14_08 8, 16, 4, 12, 1
4_31_06 7, 15, 3, 11
6_17_08 5, 13, 1, 9, 6, 14
4_4_02 2, 10, 14, 6
8_31_12 10, 2, 6, 14, 7, 15, 3, 11
4_22_04 4, 12, 16, 8
3_2_14 4, 12, 16
1_1_22 12
7_17_10 6, 14, 2, 10, 7, 15, 3
3_17_06 4, 12, 16
3_30_20 10, 2, 6
7_27_14 10, 2, 6, 14, 3, 11, 15
7_7_02 3, 11, 15, 7, 12, 4, 8
2_31_02 5, 13
2_14_18 9, 1
5_25_12 9, 1, 5, 13, 10
7_3_16 9, 1, 5, 13, 2, 10, 14
2_21_18 11, 3
8_8_12 8, 16, 4, 12, 9, 1, 5, 13
7_5_12 8, 16, 4, 12, 9, 1, 5
2_25_04 5, 13
3_4_02 14, 6, 2
6_10_18 12, 4, 8, 16, 9, 1
1_17_14 8
1_28_08 11
7_9_18 12, 4, 8, 16, 13, 5, 9
1_26_22 10
8_31_04 6, 14, 2, 10, 3, 11, 15, 7
8_23_12 8, 16, 4, 12, 9, 1, 5, 13
2_2_04 15, 7
2_11_18 12, 4
8_7_00 2, 10, 14, 6, 3, 11, 15, 7
2_8_14 5, 13
5_11_02 4, 12, 16, 8, 13
8_20_18 10, 2, 6, 14, 11, 3, 7, 15
8_13_08 8, 16, 4, 12, 5, 13, 1, 9
3_10_16 7, 15, 3
2_28_22 10, 2
5_26_02 4, 12, 16, 8, 1
8_10_04 5, 13, 1, 9, 6, 14, 2, 10
8_19_02 2, 10, 14, 6, 3, 11, 15, 7
7_6_12 8, 16, 4, 12, 5, 13, 1
7_17_14 8, 16, 4, 12, 9, 1, 5
4_12_16 11, 3, 7, 15
8_1_00 1, 9, 13, 5, 2, 10, 14, 6
5_21_10 7, 15, 3, 11, 8
7_15_18 13, 5, 9, 1, 2, 10, 14
6_6_18 11, 3, 7, 15, 8, 16
3_23_16 10, 2, 14
4_24_18 11, 3, 7, 15
3_14_08 4, 12, 16
5_29_08 8, 16, 4, 12, 5
2_27_22 14, 6
8_9_04 5, 13, 1, 9, 6, 14, 2, 10
3_26_06 2, 10, 14
7_30_22 15, 7, 11, 3, 8, 16, 4
7_12_20 13, 5, 9, 1, 2, 10, 14
6_6_06 5, 13, 1, 9, 2, 10
8_25_16 11, 3, 7, 15, 12, 4, 8, 16
1_23_10 15
8_16_00 4, 12, 16, 8, 1, 9, 13, 5
2_19_14 8, 16
6_20_00 1, 9, 13, 5, 14, 6
6_2_22 12, 4, 8, 16, 9, 1
5_13_16 12, 4, 8, 16, 9
5_12_22 14, 6, 10, 2, 3
3_1_14 8, 16, 4
6_13_18 13, 5, 9, 1, 10, 2
7_3_18 10, 2, 6, 14, 3, 11, 15
8_7_12 8, 16, 4, 12, 9, 1, 5, 13
5_19_10 6, 14, 2, 10, 15
1_2_12 3
8_2_02 2, 10, 14, 6, 3, 11, 15, 7
5_14_06 7, 15, 3, 11, 16
8_5_18 11, 3, 7, 15, 12, 4, 8, 16
1_12_04 9
4_21_14 9, 1, 5, 13
1_29_04 6
5_13_08 8, 16, 4, 12, 5
2_26_18 8, 16
5_24_00 2, 10, 14, 6, 7
7_10_18 12, 4, 8, 16, 9, 1, 5
8_6_18 11, 3, 7, 15, 12, 4, 8, 16
8_27_00 3, 11, 15, 7, 4, 12, 16, 8
8_5_22 13, 5, 9, 1, 14, 6, 10, 2
3_6_14 5, 13, 1
2_22_08 2, 10
3_4_00 13, 5, 1
7_20_04 3, 11, 15, 7, 8, 16, 4
3_17_08 5, 13, 1
8_16_14 11, 3, 7, 15, 8, 16, 4, 12
8_30_00 4, 12, 16, 8, 1, 9, 13, 5
8_13_20 14, 6, 10, 2, 11, 3, 7, 15
8_7_20 12, 4, 8, 16, 13, 5, 9, 1
2_27_00 3, 11
8_31_10 9, 1, 5, 13, 6, 14, 2, 10
8_5_14 9, 1, 5, 13, 10, 2, 6, 14
4_7_20 12, 4, 8, 16
5_25_02 4, 12, 16, 8, 5
8_1_10 6, 14, 2, 10, 7, 15, 3, 11
8_7_08 6, 14, 2, 10, 7, 15, 3, 11
7_29_00 4, 12, 16, 8, 1, 9, 13
3_26_22 10, 2, 6
1_3_22 4
2_21_10 7, 15
5_6_14 9, 1, 5, 13, 6
8_15_22 15, 7, 11, 3, 12, 4, 8, 16
8_13_04 6, 14, 2, 10, 3, 11, 15, 7
4_5_18 11, 3, 7, 15
1_2_04 15
1_7_02 11
5_3_14 8, 16, 4, 12, 1
3_5_02 3, 11, 15
2_18_20 7, 15
1_19_14 16
4_13_20 14, 6, 10, 2
1_1_20 11
4_17_12 7, 15, 3, 11
2_28_20 9, 1
4_25_04 5, 13, 1, 9
5_26_22 14, 6, 10, 2, 11
1_29_22 15
7_13_10 9, 1, 5, 13, 6, 14, 2
3_13_20 14, 6, 10
7_28_04 5, 13, 1, 9, 10, 2, 6
2_10_10 4, 12
2_11_06 6, 14
3_30_16 8, 16, 4
2_1_06 4, 12
4_20_18 10, 2, 6, 14
2_17_12 7, 15
4_17_04 3, 11, 15, 7
1_21_06 5
2_8_18 7, 15
6_15_02 5, 13, 1, 9, 2, 10
3_4_16 5, 13, 9
1_3_12 15
1_21_20 12
6_28_00 3, 11, 15, 7, 16, 8
7_1_18 10, 2, 6, 14, 11, 3, 7
8_15_02 5, 13, 1, 9, 2, 10, 14, 6
2_29_04 6, 14
5_24_22 13, 5, 9, 1, 2
3_15_00 4,12, 8
1_26_14 6
1_24_20 16
7_30_16 12, 4, 8, 16, 5, 13, 1
1_6_22 9
5_16_12 10, 2, 6, 14, 11
2_4_04 15, 7
5_6_20 12, 4, 8, 16, 9
2_19_02 2, 10
4_7_14 9, 1, 5, 13
8_3_14 8, 16, 4, 12, 9, 1, 5, 13
6_21_18 11, 3, 7, 15, 12, 4
1_7_08 14
2_14_20 10, 2
1_8_04 8
4_30_18 13, 5, 9, 1
7_16_06 7, 15, 3, 11, 8, 16, 4
5_27_02 4, 12, 16, 8, 13
5_22_02 3, 11, 15, 7, 16
1_13_02 5
6_27_06 6, 14, 2, 10, 7, 15
2_15_06 7, 15
5_16_04 6, 14, 2, 10, 7
7_26_22 14, 6, 10, 2, 11, 3, 7
3_30_08 4, 12, 16
5_20_06 4, 12, 16, 8, 9
8_14_14 11, 3, 7, 15, 8, 16, 4, 12
1_3_14 16
6_16_12 10, 2, 6, 14, 3, 11
5_9_08 7, 15, 3, 11, 8
4_13_14 11, 3, 7, 15
3_3_12 7, 15, 11
5_25_10 8, 16, 4, 12, 9
4_28_20 13, 5, 9, 1
4_26_20 13, 5, 9, 1
6_31_18 13, 5, 9, 1, 10, 2
1_18_14 4
5_17_22 12, 4, 8, 16, 13
1_29_14 11
5_10_18 12, 4, 8, 16, 9
7_5_02 3, 11, 15, 7, 4, 12, 16
3_12_10 4, 12, 8
8_24_22 13, 5, 9, 1, 14, 6, 10, 2
4_15_02 5, 13, 1, 9
6_29_12 10, 2, 6, 14, 7, 15
5_15_02 5, 13, 1, 9, 10
7_28_08 7, 15, 3, 11, 12, 4, 8
3_13_08 8, 16, 4
4_8_20 12, 4, 8, 16
4_12_14 10, 2, 6, 14
5_15_18 13, 5, 9, 1, 2
3_1_02 2, 10, 14
7_4_00 1, 9, 13, 5, 6, 14, 2
6_25_16 11, 3, 7, 15, 12, 4
3_1_12 7, 15, 3
1_22_20 8
1_9_02 4
4_14_20 14, 6, 10, 2
3_3_10 6, 14, 10
6_20_02 2, 10, 14, 6, 15, 7
4_19_22 12, 4, 8, 16
4_12_00 3, 11, 15, 7
6_29_02 5, 13, 1, 9, 2, 10
4_22_22 13, 5, 9, 1
2_6_06 1, 9
8_28_16 11, 3, 7, 15, 12, 4, 8, 16
6_2_20 11, 3, 7, 15, 8, 16
1_20_12 11
3_24_08 2, 10, 6
1_2_06 16
6_4_20 11, 3, 7, 15, 8, 16
8_8_04 4, 12, 16, 8, 5, 13, 1, 9
6_22_08 6, 14, 2, 10, 3, 11
7_6_02 3, 11, 15, 7, 16, 8, 12
4_28_10 8, 16, 4, 12
3_10_14 6, 14, 2
8_27_18 12, 4, 8, 16, 13, 5, 9, 1
3_12_12 5, 13, 9
6_9_04 5, 13, 1, 9, 6, 14
8_19_10 6, 14, 2, 10, 7, 15, 3, 11
3_10_22 10, 2, 6
4_20_04 3, 11, 15, 7
8_29_16 12, 4, 8, 16, 9, 1, 5, 13
7_11_04 5, 13, 1, 9, 14, 6, 10
1_10_22 10
5_6_04 4, 12, 16, 8, 1
2_11_10 8, 16
6_24_02 3, 11, 15, 7, 16, 8
6_25_02 4, 12, 16, 8, 5, 13
4_2_10 6, 14, 2, 10
4_31_04 6, 14, 2, 10
1_5_08 6
5_17_06 4, 12, 16, 8, 5
2_17_18 10, 2
8_4_20 11, 3, 7, 15, 12, 4, 8, 16
4_4_16 9, 1, 5, 13
5_21_08 6, 14, 2, 10, 7
6_3_00 1, 9, 13, 5, 2, 10
1_8_10 11
3_24_22 9, 1, 13
3_9_20 13, 5, 9
3_5_22 13, 5, 9
7_15_06 7, 15, 3, 11, 12, 4, 8
2_1_20 11, 3
4_21_06 5, 13, 1, 9
5_27_04 5, 13, 1, 9, 14
7_12_10 8, 16, 4, 12, 13, 5, 9
1_25_14 10
5_20_16 9, 1, 5, 13, 14
3_27_16 11, 3, 15
2_5_02 3, 11
1_19_08 13
4_24_02 3, 11, 15, 7
8_30_20 14, 6, 10, 2, 11, 3, 7, 15
3_28_02 16, 8, 4
7_21_06 5, 13, 1, 9, 6, 14, 2
8_6_12 8, 16, 4, 12, 9, 1, 5, 13
1_31_10 1
5_11_18 12, 4, 8, 16, 5
6_6_10 7, 15, 3, 11, 4, 12
5_5_20 12, 4, 8, 16, 13
2_9_08 7, 15
5_4_00 1, 9, 13, 5, 6
7_11_12 9, 1, 5, 13, 2, 10, 14
2_26_14 6, 14
2_20_18 6, 14
8_11_04 5, 13, 1, 9, 6, 14, 2, 10
5_24_04 4, 12, 16, 8, 9
7_22_18 11, 3, 7, 15, 8, 16, 4
5_15_20 14, 6, 10, 2, 3
8_1_12 7, 15, 3, 11, 8, 16, 4, 12
5_27_16 11, 3, 7, 15, 4
3_25_00 3, 11, 15
2_1_16 9, 1
1_5_22 13
2_16_02 1, 9
6_25_20 13, 5, 9, 1, 14, 6
6_18_02 2, 10, 14, 6, 15, 7
2_26_12 5, 13
6_6_00 2, 10, 14, 6, 15, 7
2_21_14 9, 1
7_20_12 7, 15, 3, 11, 12, 4, 8
4_31_22 15, 7, 11, 3
2_6_14 5, 13
1_10_14 6
2_2_00 13, 5
4_23_00 2, 10, 14, 6
4_10_22 14, 6, 10, 2
5_13_14 11, 3, 7, 15, 8
5_6_18 11, 3, 7, 15, 8
6_26_20 13, 5, 9, 1, 10, 2
7_6_22 13, 5, 9, 1, 10, 2, 6
1_15_12 2
6_13_00 4, 12, 16, 8, 1, 9
2_4_20 7, 15
2_31_08 8, 16
8_23_16 10, 2, 6, 14, 11, 3, 7, 15
3_12_20 9, 1, 13
2_29_00 4,12
3_29_20 14, 6, 10
6_10_06 6, 14, 2, 10, 3, 11
1_28_04 9
5_10_14 10, 2, 6, 14, 7
6_26_02 4, 12, 16, 8, 1, 9
8_24_06 5, 13, 1, 9, 6, 14, 2, 10
6_19_18 10, 2, 6, 14, 11, 3
2_19_06 4, 12
4_10_06 6, 14, 2, 10
8_24_14 9, 1, 5, 13, 10, 2, 6, 14
7_2_10 6, 14, 2, 10, 3, 11, 15
3_23_20 12, 4, 16
8_16_10 9, 1, 5, 13, 6, 14, 2, 10
1_25_12 9
6_12_00 3, 11, 15, 7, 16, 8
3_8_08 2, 10, 6
5_31_20 14, 6, 10, 2, 3
2_28_18 8, 16
3_15_04 6, 14, 10
6_18_14 8, 16, 4, 12, 5, 13
3_5_16 10, 2, 6
6_9_16 11, 3, 7, 15, 12, 4
4_19_12 7, 15, 3, 11
7_16_04 6, 14, 2, 10, 7, 15, 3
2_13_08 8, 16
2_1_18 10, 2
6_17_16 9, 1, 5, 13, 10, 2
1_27_12 1
3_29_18 13, 5, 9
3_14_16 8, 16, 4
3_13_02 5, 13, 1
7_11_22 14, 6, 10, 2, 7, 15, 3
1_30_02 1
7_21_08 6, 14, 2, 10, 7, 15, 3
3_8_22 9, 1, 13
8_10_12 9, 1, 5, 13, 10, 2, 6, 14
1_22_04 16
1_11_18 4
7_16_20 14, 6, 10, 2, 15, 7, 11
7_13_22 15, 7, 11, 3, 12, 4, 8
3_10_10 4, 12, 16
3_27_06 6, 14, 10
8_18_04 3, 11, 15, 7, 4, 12, 16, 8
6_5_10 7, 15, 3, 11, 8, 16
5_6_08 6, 14, 2, 10, 3
5_26_06 6, 14, 2, 10, 3
3_19_18 10, 2, 14
7_18_06 4, 12, 16, 8, 1, 9, 13
7_11_08 7, 15, 3, 11, 16, 8, 12
7_21_20 12, 4, 8, 16, 13, 5, 9
4_11_08 7, 15, 3, 11
3_17_02 2, 10, 14
4_15_10 9, 1, 5, 13
6_19_06 4, 12, 16, 8, 5, 13
7_19_06 4, 12, 16, 8, 13, 5, 9
3_24_12 4, 12, 8
3_17_12 7, 15, 3
5_23_02 3, 11, 15, 7, 12
4_14_10 9, 1, 5, 13
4_3_20 11, 3, 7, 15
8_8_14 9, 1, 5, 13, 10, 2, 6, 14
8_3_04 3, 11, 15, 7, 4, 12, 16, 8
3_12_16 7, 15, 11
4_28_04 5, 13, 1, 9
7_11_06 6, 14, 2, 10, 15, 7, 11
6_16_20 14, 6, 10, 2, 7, 15
3_21_16 10, 2, 6
5_27_08 7, 15, 3, 11, 16
6_20_18 10, 2, 6, 14, 7, 15
1_22_16 6
3_1_08 5, 13, 1
4_24_22 13, 5, 9, 1
3_16_20 10, 2, 14
3_10_18 8, 16, 4
7_20_20 11, 3, 7, 15, 16, 8, 12
1_27_14 2
1_11_16 3
4_8_16 10, 2, 6, 14
4_23_04 4, 12, 16, 8
2_11_22 14, 6
4_29_16 12, 4, 8, 16
4_11_20 13, 5, 9, 1
1_24_16 14
3_7_04 4, 12, 8
2_20_02 14, 6
7_28_16 11, 3, 7, 15, 16, 8, 12
3_22_02 15, 7, 11
1_2_20 7
6_23_14 9, 1, 5, 13, 10, 2
2_5_12 8, 16
2_21_04 4, 12
1_14_08 4
1_11_00 11
3_16_08 4, 12, 8
1_11_10 16
6_6_12 8, 16, 4, 12, 5, 13
5_21_12 8, 16, 4, 12, 9
4_3_00 1, 9, 13, 5
7_3_12 7, 15, 3, 11, 16, 8, 12
8_9_16 11, 3, 7, 15, 12, 4, 8, 16
8_9_12 9, 1, 5, 13, 10, 2, 6, 14
6_16_22 15, 7, 11, 3, 8, 16
6_19_16 9, 1, 5, 13, 10, 2
2_9_10 8, 16
2_6_04 16, 8
2_25_12 9, 1
5_4_22 12, 4, 8, 16, 1
1_25_16 11
6_13_22 15, 7, 11, 3, 12, 4
1_29_16 12
7_9_06 6, 14, 2, 10, 7, 15, 3
3_3_20 11, 3, 15
7_16_16 12, 4, 8, 16, 13, 5, 9
6_4_14 8, 16, 4, 12, 5, 13
5_1_10 6, 14, 2, 10, 7
2_24_22 9, 1
1_22_02 15
2_15_02 5, 13
2_21_08 6, 14
8_15_14 11, 3, 7, 15, 8, 16, 4, 12
6_15_04 6, 14, 2, 10, 3, 11
1_2_08 1
2_4_22 8, 16
5_10_12 9, 1, 5, 13, 6
1_20_08 9
4_8_02 3, 11, 15, 7
2_19_16 9, 1
5_25_08 7, 15, 3, 11, 8
8_14_08 8, 16, 4, 12, 5, 13, 1, 9
3_24_04 16, 8, 4
6_14_22 15, 7, 11, 3, 8, 16
8_24_08 6, 14, 2, 10, 7, 15, 3, 11
5_13_18 13, 5, 9, 1, 10
8_15_20 14, 6, 10, 2, 11, 3, 7, 15
5_6_12 8, 16, 4, 12, 5
5_29_02 5, 13, 1, 9, 2
3_16_22 11, 3, 15
5_27_18 12, 4, 8, 16, 5
7_13_14 11, 3, 7, 15, 8, 16, 4
7_11_20 13, 5, 9, 1, 6, 14, 2
8_4_22 12, 4, 8, 16, 13, 5, 9, 1
3_9_14 10, 2, 6
7_13_08 8, 16, 4, 12, 5, 13, 1
7_9_02 4, 12, 16, 8, 5, 13, 1
6_27_18 12, 4, 8, 16, 13, 5
4_25_18 12, 4, 8, 16
3_20_12 3, 11, 7
6_20_08 5, 13, 1, 9, 2, 10
2_23_04 4, 12
2_18_22 8, 16
2_3_08 5, 13
5_7_18 11, 3, 7, 15, 4
1_8_06 9
8_13_00 4, 12, 16, 8, 1, 9, 13, 5
7_17_08 5, 13, 1, 9, 6, 14, 2
7_6_08 6, 14, 2, 10, 3, 11, 15
8_20_22 12, 4, 8, 16, 13, 5, 9, 1
5_21_00 2, 10, 14, 6, 3
6_29_14 11, 3, 7, 15, 8, 16
2_9_02 4, 12
3_20_22 8, 16, 12
1_19_18 2
2_26_08 3, 11
8_31_18 13, 5, 9, 1, 10, 2, 6, 14
8_24_10 7, 15, 3, 11, 8, 16, 4, 12
5_8_04 4, 12, 16, 8, 9
4_8_08 6, 14, 2, 10
3_12_08 3, 11, 7
1_31_06 15
1_26_12 5
7_18_02 2, 10, 14, 6, 15, 7, 11
4_25_10 8, 16, 4, 12
7_27_00 3, 11, 15, 7, 12, 4, 8
7_7_00 2, 10, 14, 6, 11, 3, 7
4_27_06 6, 14, 2, 10
3_9_16 11, 3, 7
6_9_22 14, 6, 10, 2, 15, 7
7_20_22 12, 4, 8, 16, 1, 9, 13
8_12_02 4, 12, 16, 8, 5, 13, 1, 9
5_19_06 4, 12, 16, 8, 13
5_9_02 4, 12, 16, 8, 5
4_20_20 11, 3, 7, 15
8_26_04 5, 13, 1, 9, 6, 14, 2, 10
4_2_00 1, 9, 13, 5
2_18_18 6, 14
4_20_14 8, 16, 4, 12
8_2_10 6, 14, 2, 10, 7, 15, 3, 11
8_4_08 5, 13, 1, 9, 6, 14, 2, 10
8_4_06 4, 12, 16, 8, 5, 13, 1, 9
3_21_02 3, 11, 15
1_16_08 12
2_10_08 3, 11
3_6_02 15, 7, 11
7_25_12 9, 1, 5, 13, 10, 2, 6
4_2_22 12, 4, 8, 16
8_2_04 3, 11, 15, 7, 4, 12, 16, 8
4_22_06 5, 13, 1, 9
3_19_16 9, 1, 13
8_3_12 7, 15, 3, 11, 8, 16, 4, 12
3_9_04 5, 13, 1
6_10_00 3, 11, 15, 7, 16, 8
3_5_14 9, 1, 5
6_27_20 13, 5, 9, 1, 14, 6
3_19_00 1, 9, 5
8_29_14 11, 3, 7, 15, 8, 16, 4, 12
7_1_14 8, 16, 4, 12, 9, 1, 5
4_16_06 7, 15, 3, 11
2_25_08 7, 15
6_5_16 10, 2, 6, 14, 11, 3
7_16_08 8, 16, 4, 12, 9, 1, 5
7_27_18 12, 4, 8, 16, 5, 13, 1
4_12_18 12, 4, 8, 16
8_27_04 5, 13, 1, 9, 6, 14, 2, 10
2_27_04 5, 13
7_17_12 7, 15, 3, 11, 8, 16, 4
5_1_08 5, 13, 1, 9, 6
7_14_22 15, 7, 11, 3, 8, 16, 4
3_31_00 4,12, 8
8_29_10 9, 1, 5, 13, 6, 14, 2, 10
1_30_16 8
8_17_04 3, 11, 15, 7, 4, 12, 16, 8
5_25_22 14, 6, 10, 2, 15
4_9_06 6, 14, 2, 10
