6_13_10 9, 1, 5, 13, 6, 14
1_23_04 12
3_26_20 9, 1, 5
6_3_04 3, 11, 15, 7, 4, 12
5_7_06 5, 13, 1, 9, 14
2_19_14 8, 16
3_22_02 15, 7, 11
3_19_02 2, 10, 6
3_29_00 4,12, 16
2_27_10 8, 16
1_5_20 12
5_16_16 12, 4, 8, 16, 13
6_15_10 9, 1, 5, 13, 6, 14
5_18_16 9, 1, 5, 13, 6
6_4_22 12, 4, 8, 16, 9, 1
2_9_20 13, 5
2_26_04 1, 9
1_20_22 16
1_24_16 14
3_27_04 5, 13, 9
4_11_06 6, 14, 2, 10
7_21_20 12, 4, 8, 16, 13, 5, 9
5_16_18 13, 5, 9, 1, 14
1_17_10 6
5_20_14 8, 16, 4, 12, 13
3_15_18 13, 5, 1
7_21_02 3, 11, 15, 7, 4, 12, 16
3_7_00 2, 10, 6
7_15_10 9, 1, 5, 13, 14, 6, 10
3_22_20 8, 16, 4
7_26_14 10, 2, 6, 14, 7, 15, 3
4_3_04 3, 11, 15, 7
3_7_08 6, 14, 10
4_7_20 12, 4, 8, 16
8_23_00 2, 10, 14, 6, 3, 11, 15, 7
6_3_14 8, 16, 4, 12, 9, 1
5_4_20 11, 3, 7, 15, 16
4_24_08 6, 14, 2, 10
5_10_12 9, 1, 5, 13, 6
8_25_16 11, 3, 7, 15, 12, 4, 8, 16
5_15_06 7, 15, 3, 11, 12
8_29_16 12, 4, 8, 16, 9, 1, 5, 13
4_2_10 6, 14, 2, 10
3_21_02 3, 11, 15
6_23_06 5, 13, 1, 9, 6, 14
7_11_02 4, 12, 16, 8, 13, 5, 9
8_23_04 4, 12, 16, 8, 5, 13, 1, 9
8_16_16 12, 4, 8, 16, 9, 1, 5, 13
7_17_08 5, 13, 1, 9, 6, 14, 2
1_11_06 14
5_3_00 1, 9, 13, 5, 10
8_6_22 13, 5, 9, 1, 14, 6, 10, 2
3_6_02 15, 7, 11
8_21_02 3, 11, 15, 7, 4, 12, 16, 8
8_16_12 10, 2, 6, 14, 7, 15, 3, 11
8_17_06 4, 12, 16, 8, 5, 13, 1, 9
8_18_06 4, 12, 16, 8, 5, 13, 1, 9
7_21_14 9, 1, 5, 13, 10, 2, 6
2_29_18 13, 5
2_23_12 8, 16
2_11_04 5, 13
1_3_04 11
4_20_12 7, 15, 3, 11
4_1_14 8, 16, 4, 12
1_13_10 9
5_16_08 8, 16, 4, 12, 9
2_12_22 10, 2
5_28_16 11, 3, 7, 15, 16
4_25_04 5, 13, 1, 9
3_31_04 6, 14, 10
2_26_14 6, 14
1_30_00 16
4_13_00 4,12, 16, 8
1_5_22 13
5_27_08 7, 15, 3, 11, 16
3_15_22 15, 7, 3
2_6_06 1, 9
5_18_06 4, 12, 16, 8, 1
1_13_06 7
1_9_18 12
5_30_16 12, 4, 8, 16, 5
1_25_22 14
7_9_12 9, 1, 5, 13, 10, 2, 6
5_10_16 11, 3, 7, 15, 8
5_26_22 14, 6, 10, 2, 11
4_3_00 1, 9, 13, 5
5_19_12 7, 15, 3, 11, 16
3_27_16 11, 3, 15
4_20_02 2, 10, 14, 6
5_14_18 13, 5, 9, 1, 6
6_12_14 10, 2, 6, 14, 7, 15
6_24_22 13, 5, 9, 1, 10, 2
7_26_02 4, 12, 16, 8, 1, 9, 13
3_10_06 2, 10, 14
4_29_08 8, 16, 4, 12
4_15_04 6, 14, 2, 10
5_11_18 12, 4, 8, 16, 5
2_28_18 8, 16
5_7_18 11, 3, 7, 15, 4
3_19_14 8, 16, 12
6_14_04 6, 14, 2, 10, 15, 7
2_30_00 16, 8
2_19_16 9, 1
8_13_02 5, 13, 1, 9, 2, 10, 14, 6
2_11_18 12, 4
4_22_08 6, 14, 2, 10
1_2_00 13
4_9_14 10, 2, 6, 14
2_18_10 2, 10
3_28_06 2, 10, 6
4_11_08 7, 15, 3, 11
4_5_20 12, 4, 8, 16
2_5_04 4, 12
8_25_14 10, 2, 6, 14, 11, 3, 7, 15
8_27_08 7, 15, 3, 11, 8, 16, 4, 12
5_20_20 11, 3, 7, 15, 16
5_7_22 13, 5, 9, 1, 6
7_4_14 8, 16, 4, 12, 13, 5, 9
6_16_08 8, 16, 4, 12, 1, 9
3_24_02 15, 7, 3
3_10_12 5, 13, 1
1_9_14 10
3_7_14 9, 1, 13
5_9_04 5, 13, 1, 9, 6
3_18_10 2, 10, 14
6_16_18 13, 5, 9, 1, 6, 14
2_1_22 12, 4
2_4_04 15, 7
7_20_18 10, 2, 6, 14, 15, 7, 11
6_24_14 9, 1, 5, 13, 6, 14
8_3_20 11, 3, 7, 15, 12, 4, 8, 16
6_22_14 9, 1, 5, 13, 6, 14
6_14_20 14, 6, 10, 2, 7, 15
4_26_00 3, 11, 15, 7
1_26_22 10
4_7_12 8, 16, 4, 12
1_7_06 13
3_26_22 10, 2, 6
6_26_12 9, 1, 5, 13, 6, 14
3_17_12 7, 15, 3
1_21_22 13
4_29_06 7, 15, 3, 11
8_5_08 6, 14, 2, 10, 7, 15, 3, 11
4_6_20 12, 4, 8, 16
2_1_18 10, 2
5_25_20 13, 5, 9, 1, 14
1_22_20 8
5_8_08 6, 14, 2, 10, 11
5_31_22 15, 7, 11, 3, 4
7_3_14 8, 16, 4, 12, 1, 9, 13
4_20_16 9, 1, 5, 13
7_19_00 1, 9, 13, 5, 10, 2, 6
1_30_02 1
1_7_20 4
2_13_04 6, 14
2_28_14 6, 14
5_12_10 8, 16, 4, 12, 13
4_3_02 2, 10, 14, 6
6_22_20 12, 4, 8, 16, 9, 1
8_8_06 5, 13, 1, 9, 6, 14, 2, 10
6_21_12 8, 16, 4, 12, 9, 1
6_1_18 10, 2, 6, 14, 11, 3
8_26_10 8, 16, 4, 12, 9, 1, 5, 13
4_9_02 4, 12, 16, 8
4_30_06 7, 15, 3, 11
1_23_16 2
6_16_10 9, 1, 5, 13, 2, 10
6_20_18 10, 2, 6, 14, 7, 15
5_8_04 4, 12, 16, 8, 9
7_3_08 5, 13, 1, 9, 14, 6, 10
6_26_10 8, 16, 4, 12, 5, 13
3_6_10 3, 11, 15
8_24_08 6, 14, 2, 10, 7, 15, 3, 11
4_9_00 3, 11, 15, 7
8_28_20 13, 5, 9, 1, 14, 6, 10, 2
4_24_00 2, 10, 14, 6
3_27_06 6, 14, 10
5_29_12 10, 2, 6, 14, 7
7_25_14 10, 2, 6, 14, 11, 3, 7
6_3_22 12, 4, 8, 16, 13, 5
7_31_12 10, 2, 6, 14, 15, 7, 11
2_19_06 4, 12
8_28_08 7, 15, 3, 11, 8, 16, 4, 12
2_2_20 7, 15
2_14_18 9, 1
7_16_16 12, 4, 8, 16, 13, 5, 9
6_4_20 11, 3, 7, 15, 8, 16
5_4_10 6, 14, 2, 10, 11
8_14_12 10, 2, 6, 14, 7, 15, 3, 11
3_14_02 1, 9, 13
1_31_08 16
3_18_04 15, 7, 11
1_10_10 4
5_19_10 6, 14, 2, 10, 15
8_20_16 9, 1, 5, 13, 10, 2, 6, 14
7_30_06 7, 15, 3, 11, 16, 8, 12
5_12_20 13, 5, 9, 1, 2
2_11_14 10, 2
7_28_08 7, 15, 3, 11, 12, 4, 8
8_5_14 9, 1, 5, 13, 10, 2, 6, 14
7_4_08 5, 13, 1, 9, 10, 2, 6
5_24_10 7, 15, 3, 11, 12
8_13_04 6, 14, 2, 10, 3, 11, 15, 7
8_26_16 11, 3, 7, 15, 12, 4, 8, 16
3_4_20 7, 15, 11
1_24_00 6
6_7_16 10, 2, 6, 14, 11, 3
5_14_20 14, 6, 10, 2, 7
6_6_12 8, 16, 4, 12, 5, 13
2_15_20 14, 6
1_11_00 11
6_13_04 6, 14, 2, 10, 3, 11
7_7_04 4, 12, 16, 8, 13, 5, 9
8_16_00 4, 12, 16, 8, 1, 9, 13, 5
1_13_22 15
8_30_20 14, 6, 10, 2, 11, 3, 7, 15
3_14_20 10, 2, 6
5_20_16 9, 1, 5, 13, 14
7_9_10 8, 16, 4, 12, 9, 1, 5
6_17_04 3, 11, 15, 7, 4, 12
4_27_06 6, 14, 2, 10
7_7_22 13, 5, 9, 1, 6, 14, 2
1_21_04 4
5_5_18 11, 3, 7, 15, 12
1_10_20 9
6_27_12 9, 1, 5, 13, 10, 2
5_13_22 15, 7, 11, 3, 12
8_22_04 4, 12, 16, 8, 5, 13, 1, 9
4_29_22 15, 7, 11, 3
3_31_18 13, 5, 1
6_25_12 9, 1, 5, 13, 10, 2
8_11_06 6, 14, 2, 10, 7, 15, 3, 11
2_7_06 5, 13
8_3_10 6, 14, 2, 10, 7, 15, 3, 11
6_23_08 6, 14, 2, 10, 7, 15
6_14_02 5, 13, 1, 9, 14, 6
5_6_12 8, 16, 4, 12, 5
4_31_04 6, 14, 2, 10
7_29_16 12, 4, 8, 16, 9, 1, 5
2_19_00 1, 9
2_3_22 12, 4
4_2_22 12, 4, 8, 16
6_28_14 10, 2, 6, 14, 7, 15
1_19_00 9
6_3_16 9, 1, 5, 13, 10, 2
2_8_14 5, 13
7_13_14 11, 3, 7, 15, 8, 16, 4
6_8_22 13, 5, 9, 1, 10, 2
7_10_14 10, 2, 6, 14, 7, 15, 3
6_9_02 4, 12, 16, 8, 5, 13
2_8_20 8, 16
1_1_16 9
3_15_10 9, 1, 13
5_20_06 4, 12, 16, 8, 9
2_31_08 8, 16
4_23_06 5, 13, 1, 9
3_5_02 3, 11, 15
6_31_04 6, 14, 2, 10, 3, 11
2_24_08 2, 10
1_25_10 8
1_9_02 4
4_20_06 4, 12, 16, 8
6_13_12 10, 2, 6, 14, 7, 15
5_27_18 12, 4, 8, 16, 5
6_26_20 13, 5, 9, 1, 10, 2
4_14_18 13, 5, 9, 1
3_20_12 3, 11, 7
7_30_08 8, 16, 4, 12, 1, 9, 13
5_22_02 3, 11, 15, 7, 16
2_10_18 8, 16
8_11_00 3, 11, 15, 7, 4, 12, 16, 8
4_25_18 12, 4, 8, 16
7_9_00 3, 11, 15, 7, 4, 12, 16
7_10_00 3, 11, 15, 7, 16, 8, 12
4_8_16 10, 2, 6, 14
4_28_04 5, 13, 1, 9
2_20_16 5, 13
3_17_02 2, 10, 14
7_14_00 4, 12, 16, 8, 13, 5, 9
7_13_04 6, 14, 2, 10, 3, 11, 15
8_1_12 7, 15, 3, 11, 8, 16, 4, 12
4_16_12 10, 2, 6, 14
3_8_20 8, 16, 12
4_26_22 14, 6, 10, 2
7_20_14 8, 16, 4, 12, 13, 5, 9
5_30_18 13, 5, 9, 1, 6
7_11_16 11, 3, 7, 15, 4, 12, 16
5_27_12 9, 1, 5, 13, 2
8_11_20 13, 5, 9, 1, 14, 6, 10, 2
7_30_22 15, 7, 11, 3, 8, 16, 4
4_23_20 12, 4, 8, 16
2_3_12 7, 15
1_15_14 3
6_19_10 6, 14, 2, 10, 7, 15
5_10_10 8, 16, 4, 12, 5
6_20_10 6, 14, 2, 10, 3, 11
3_3_20 11, 3, 15
1_12_12 13
1_26_00 15
4_4_06 4, 12, 16, 8
1_24_12 12
5_16_00 4, 12, 16, 8, 5
7_8_04 4, 12, 16, 8, 9, 1, 5
6_5_16 10, 2, 6, 14, 11, 3
8_2_20 11, 3, 7, 15, 12, 4, 8, 16
8_20_20 11, 3, 7, 15, 12, 4, 8, 16
2_19_18 10, 2
3_7_06 5, 13, 9
7_6_06 5, 13, 1, 9, 2, 10, 14
4_22_22 13, 5, 9, 1
7_22_14 9, 1, 5, 13, 6, 14, 2
1_24_02 7
4_24_22 13, 5, 9, 1
3_1_00 1, 9, 13
5_19_14 8, 16, 4, 12, 1
4_21_06 5, 13, 1, 9
5_27_10 8, 16, 4, 12, 1
5_2_12 7, 15, 3, 11, 4
3_11_20 13, 5, 1
6_26_22 14, 6, 10, 2, 11, 3
7_2_06 4, 12, 16, 8, 1, 9, 13
4_3_16 9, 1, 5, 13
8_9_12 9, 1, 5, 13, 10, 2, 6, 14
1_23_18 3
3_23_14 9, 1, 13
4_16_14 11, 3, 7, 15
4_22_10 7, 15, 3, 11
8_30_04 6, 14, 2, 10, 3, 11, 15, 7
6_25_22 14, 6, 10, 2, 15, 7
6_7_14 9, 1, 5, 13, 10, 2
5_8_16 10, 2, 6, 14, 15
7_26_12 9, 1, 5, 13, 6, 14, 2
4_25_00 3, 11, 15, 7
4_4_20 11, 3, 7, 15
4_22_00 2, 10, 14, 6
1_13_08 8
6_5_22 13, 5, 9, 1, 14, 6
4_6_10 7, 15, 3, 11
8_19_20 11, 3, 7, 15, 12, 4, 8, 16
4_20_08 5, 13, 1, 9
1_1_20 11
7_16_00 4, 12, 16, 8, 5, 13, 1
8_12_12 9, 1, 5, 13, 10, 2, 6, 14
4_18_00 1, 9, 13, 5
1_7_08 14
1_4_20 15
1_20_18 14
1_11_10 16
4_2_18 10, 2, 6, 14
2_30_02 1, 9
1_30_14 7
6_23_12 8, 16, 4, 12, 9, 1
7_1_16 9, 1, 5, 13, 10, 2, 6
2_9_00 3, 11
4_10_06 6, 14, 2, 10
3_16_04 2, 10, 6
7_18_20 11, 3, 7, 15, 8, 16, 4
7_13_00 4, 12, 16, 8, 1, 9, 13
7_9_16 11, 3, 7, 15, 12, 4, 8
5_19_06 4, 12, 16, 8, 13
1_20_10 10
3_31_02 5, 13, 9
3_12_20 9, 1, 13
8_19_12 7, 15, 3, 11, 8, 16, 4, 12
1_30_08 4
3_15_12 10, 2, 14
6_21_16 10, 2, 6, 14, 11, 3
6_24_00 2, 10, 14, 6, 15, 7
7_23_16 10, 2, 6, 14, 3, 11, 15
6_19_18 10, 2, 6, 14, 11, 3
4_15_10 9, 1, 5, 13
4_10_10 8, 16, 4, 12
8_9_06 6, 14, 2, 10, 7, 15, 3, 11
3_21_16 10, 2, 6
8_31_20 14, 6, 10, 2, 11, 3, 7, 15
6_6_02 3, 11, 15, 7, 16, 8
2_18_02 14, 6
6_30_10 9, 1, 5, 13, 2, 10
6_9_18 12, 4, 8, 16, 13, 5
4_16_06 7, 15, 3, 11
6_15_18 13, 5, 9, 1, 10, 2
6_19_12 7, 15, 3, 11, 8, 16
7_13_18 13, 5, 9, 1, 10, 2, 6
4_16_18 13, 5, 9, 1
5_23_10 7, 15, 3, 11, 16
6_22_10 7, 15, 3, 11, 4, 12
1_21_16 10
8_4_08 5, 13, 1, 9, 6, 14, 2, 10
1_27_16 3
2_20_10 2, 10
7_14_20 14, 6, 10, 2, 7, 15, 3
3_17_14 8, 16, 4
2_24_20 8, 16
4_30_04 6, 14, 2, 10
3_18_00 13, 5, 9
7_15_20 14, 6, 10, 2, 3, 11, 15
8_28_22 14, 6, 10, 2, 15, 7, 11, 3
5_25_00 3, 11, 15, 7, 4
5_9_10 8, 16, 4, 12, 9
5_25_18 12, 4, 8, 16, 13
7_31_08 8, 16, 4, 12, 13, 5, 9
2_14_02 1, 9
2_29_10 9, 1
3_4_22 8, 16, 12
5_12_14 10, 2, 6, 14, 15
6_30_04 6, 14, 2, 10, 15, 7
1_16_18 1
5_14_08 8, 16, 4, 12, 1
8_9_20 13, 5, 9, 1, 14, 6, 10, 2
1_10_16 7
7_12_02 4, 12, 16, 8, 9, 1, 5
3_14_12 6, 14, 2
1_26_10 4
1_11_04 13
4_23_14 9, 1, 5, 13
4_30_18 13, 5, 9, 1
4_30_02 5, 13, 1, 9
4_23_04 4, 12, 16, 8
2_28_08 3, 11
4_22_16 10, 2, 6, 14
5_28_12 9, 1, 5, 13, 14
3_2_22 8, 16, 4
5_14_14 11, 3, 7, 15, 4
7_29_10 9, 1, 5, 13, 6, 14, 2
7_24_18 11, 3, 7, 15, 16, 8, 12
7_13_20 14, 6, 10, 2, 11, 3, 7
1_5_04 4
8_28_18 12, 4, 8, 16, 13, 5, 9, 1
5_15_10 9, 1, 5, 13, 14
3_10_14 6, 14, 2
8_30_02 5, 13, 1, 9, 2, 10, 14, 6
6_21_08 6, 14, 2, 10, 7, 15
6_5_10 7, 15, 3, 11, 8, 16
8_16_14 11, 3, 7, 15, 8, 16, 4, 12
6_31_06 7, 15, 3, 11, 4, 12
2_22_20 8, 16
3_22_14 5, 13, 1
6_2_08 5, 13, 1, 9, 2, 10
7_16_06 7, 15, 3, 11, 8, 16, 4
1_2_18 6
7_22_20 12, 4, 8, 16, 9, 1, 5
3_26_08 3, 11, 15
2_1_02 2, 10
3_1_08 5, 13, 1
7_4_16 9, 1, 5, 13, 14, 6, 10
2_16_06 3, 11
4_11_00 3, 11, 15, 7
4_16_10 9, 1, 5, 13
3_31_08 8, 16, 12
5_3_10 6, 14, 2, 10, 15
7_31_16 12, 4, 8, 16, 1, 9, 13
2_4_14 4, 12
2_6_10 3, 11
1_17_14 8
3_24_14 5, 13, 9
4_10_08 7, 15, 3, 11
7_31_20 14, 6, 10, 2, 3, 11, 15
1_21_20 12
4_18_12 7, 15, 3, 11
4_25_08 7, 15, 3, 11
3_31_22 15, 7, 3
4_13_12 10, 2, 6, 14
5_2_18 10, 2, 6, 14, 7
3_13_12 10, 2, 6
4_20_00 1, 9, 13, 5
1_17_00 1
6_4_18 10, 2, 6, 14, 7, 15
4_25_14 10, 2, 6, 14
1_8_00 6
6_8_16 10, 2, 6, 14, 7, 15
4_16_02 5, 13, 1, 9
1_31_16 4
3_5_04 4, 12, 16
7_15_16 12, 4, 8, 16, 1, 9, 13
8_5_02 3, 11, 15, 7, 4, 12, 16, 8
1_4_12 11
5_2_00 1, 9, 13, 5, 14
6_5_14 9, 1, 5, 13, 10, 2
1_5_12 8
8_6_16 10, 2, 6, 14, 11, 3, 7, 15
5_19_18 10, 2, 6, 14, 3
6_22_18 11, 3, 7, 15, 8, 16
7_1_10 6, 14, 2, 10, 7, 15, 3
3_15_14 11, 3, 15
5_22_00 2, 10, 14, 6, 15
1_19_04 11
8_9_10 8, 16, 4, 12, 9, 1, 5, 13
5_1_14 8, 16, 4, 12, 9
8_25_18 12, 4, 8, 16, 13, 5, 9, 1
3_13_10 9, 1, 5
8_28_16 11, 3, 7, 15, 12, 4, 8, 16
3_3_22 12, 4, 16
3_4_10 2, 10, 6
6_15_12 10, 2, 6, 14, 7, 15
6_15_14 11, 3, 7, 15, 8, 16
8_29_02 5, 13, 1, 9, 2, 10, 14, 6
7_1_12 7, 15, 3, 11, 8, 16, 4
1_9_16 11
5_6_20 12, 4, 8, 16, 9
1_20_16 13
7_9_08 7, 15, 3, 11, 8, 16, 4
3_30_12 6, 14, 2
2_7_12 8, 16
3_25_12 9, 1, 5
7_7_10 7, 15, 3, 11, 16, 8, 12
5_9_20 13, 5, 9, 1, 14
4_14_06 7, 15, 3, 11
6_12_02 4, 12, 16, 8, 1, 9
4_6_00 2, 10, 14, 6
3_22_12 4, 12, 16
3_19_08 5, 13, 9
7_19_08 5, 13, 1, 9, 14, 6, 10
3_19_06 4, 12, 8
1_6_08 2
3_4_12 3, 11, 7
6_14_06 7, 15, 3, 11, 16, 8
6_26_06 6, 14, 2, 10, 3, 11
7_7_14 9, 1, 5, 13, 2, 10, 14
4_31_10 9, 1, 5, 13
5_29_06 7, 15, 3, 11, 4
6_18_18 10, 2, 6, 14, 7, 15
5_9_08 7, 15, 3, 11, 8
2_4_18 6, 14
8_6_04 4, 12, 16, 8, 5, 13, 1, 9
6_11_04 5, 13, 1, 9, 6, 14
3_5_00 2, 10, 14
4_8_06 5, 13, 1, 9
8_5_20 12, 4, 8, 16, 13, 5, 9, 1
4_5_16 10, 2, 6, 14
8_16_20 14, 6, 10, 2, 11, 3, 7, 15
7_12_16 11, 3, 7, 15, 16, 8, 12
6_5_20 12, 4, 8, 16, 13, 5
2_21_08 6, 14
1_18_00 13
6_24_02 3, 11, 15, 7, 16, 8
7_25_00 3, 11, 15, 7, 4, 12, 16
7_17_00 1, 9, 13, 5, 2, 10, 14
3_9_04 5, 13, 1
7_26_18 12, 4, 8, 16, 9, 1, 5
1_18_06 16
6_26_04 5, 13, 1, 9, 2, 10
7_8_20 12, 4, 8, 16, 1, 9, 13
7_20_04 3, 11, 15, 7, 8, 16, 4
1_6_06 1
7_10_06 6, 14, 2, 10, 3, 11, 15
1_26_12 5
5_29_14 11, 3, 7, 15, 8
4_7_18 11, 3, 7, 15
2_1_04 3, 11
3_9_14 10, 2, 6
6_30_02 5, 13, 1, 9, 14, 6
5_11_16 11, 3, 7, 15, 4
1_18_16 5
6_11_08 7, 15, 3, 11, 8, 16
6_5_08 6, 14, 2, 10, 7, 15
7_23_18 11, 3, 7, 15, 4, 12, 16
3_25_00 3, 11, 15
7_6_20 12, 4, 8, 16, 9, 1, 5
1_30_04 2
4_10_22 14, 6, 10, 2
6_9_16 11, 3, 7, 15, 12, 4
3_18_16 5, 13, 1
5_8_00 2, 10, 14, 6, 7
2_11_20 13, 5
7_17_02 2, 10, 14, 6, 3, 11, 15
1_14_18 9
2_24_00 14, 6
8_7_10 7, 15, 3, 11, 8, 16, 4, 12
3_24_04 16, 8, 4
5_21_04 4, 12, 16, 8, 5
8_16_18 13, 5, 9, 1, 10, 2, 6, 14
8_21_16 10, 2, 6, 14, 11, 3, 7, 15
3_31_14 11, 3, 15
2_6_16 6, 14
3_20_14 4, 12, 8
1_23_00 10
4_12_22 14, 6, 10, 2
6_8_04 4, 12, 16, 8, 1, 9
8_28_06 6, 14, 2, 10, 7, 15, 3, 11
5_9_18 12, 4, 8, 16, 13
6_28_00 3, 11, 15, 7, 16, 8
1_16_10 13
2_19_08 5, 13
7_2_22 12, 4, 8, 16, 9, 1, 5
2_20_12 3, 11
6_19_08 5, 13, 1, 9, 6, 14
2_9_18 12, 4
3_29_18 13, 5, 9
6_4_14 8, 16, 4, 12, 5, 13
7_25_12 9, 1, 5, 13, 10, 2, 6
2_17_08 5, 13
8_14_16 12, 4, 8, 16, 9, 1, 5, 13
2_21_16 10, 2
