8_3_12 7, 15, 3, 11, 8, 16, 4, 12
2_6_04 16, 8
2_25_22 14, 6
6_8_08 6, 14, 2, 10, 3, 11
8_14_14 11, 3, 7, 15, 8, 16, 4, 12
3_11_14 10, 2, 14
7_16_20 14, 6, 10, 2, 15, 7, 11
3_2_20 7, 15, 3
6_6_10 7, 15, 3, 11, 4, 12
6_20_08 5, 13, 1, 9, 2, 10
1_24_18 15
8_23_02 3, 11, 15, 7, 4, 12, 16, 8
2_17_18 10, 2
1_31_06 15
1_30_18 9
5_27_16 11, 3, 7, 15, 4
1_23_18 3
7_6_02 3, 11, 15, 7, 16, 8, 12
2_6_02 15, 7
5_23_20 12, 4, 8, 16, 5
2_22_00 14, 6
5_19_22 12, 4, 8, 16, 5
4_7_10 7, 15, 3, 11
6_17_12 7, 15, 3, 11, 8, 16
4_22_12 8, 16, 4, 12
5_2_08 5, 13, 1, 9, 2
3_5_04 4, 12, 16
4_31_16 12, 4, 8, 16
6_7_22 13, 5, 9, 1, 14, 6
2_4_20 7, 15
1_12_22 2
3_14_10 5, 13, 1
1_1_08 5
4_22_16 10, 2, 6, 14
7_12_00 3, 11, 15, 7, 8, 16, 4
2_21_08 6, 14
2_4_22 8, 16
5_3_22 12, 4, 8, 16, 5
8_15_12 10, 2, 6, 14, 7, 15, 3, 11
7_15_10 9, 1, 5, 13, 14, 6, 10
2_5_04 4, 12
2_23_12 8, 16
4_25_16 11, 3, 7, 15
5_10_02 4, 12, 16, 8, 1
4_16_22 15, 7, 11, 3
6_22_22 13, 5, 9, 1, 10, 2
6_15_04 6, 14, 2, 10, 3, 11
6_9_10 8, 16, 4, 12, 9, 1
7_30_12 10, 2, 6, 14, 3, 11, 15
7_31_12 10, 2, 6, 14, 15, 7, 11
6_4_18 10, 2, 6, 14, 7, 15
6_8_12 8, 16, 4, 12, 5, 13
1_3_00 9
7_2_06 4, 12, 16, 8, 1, 9, 13
5_22_10 7, 15, 3, 11, 4
4_8_22 13, 5, 9, 1
7_9_04 5, 13, 1, 9, 6, 14, 2
4_23_00 2, 10, 14, 6
5_5_12 8, 16, 4, 12, 9
1_11_02 12
2_19_18 10, 2
1_1_12 7
2_29_06 7, 15
7_28_18 12, 4, 8, 16, 1, 9, 13
2_25_18 12, 4
5_17_14 8, 16, 4, 12, 9
4_23_02 3, 11, 15, 7
6_28_02 4, 12, 16, 8, 1, 9
7_2_16 9, 1, 5, 13, 6, 14, 2
3_25_04 5, 13, 1
4_21_16 10, 2, 6, 14
3_12_16 7, 15, 11
7_31_02 5, 13, 1, 9, 10, 2, 6
6_22_12 8, 16, 4, 12, 5, 13
6_24_16 10, 2, 6, 14, 7, 15
3_12_18 8, 16, 12
7_11_20 13, 5, 9, 1, 6, 14, 2
5_13_18 13, 5, 9, 1, 10
7_16_16 12, 4, 8, 16, 13, 5, 9
4_3_06 4, 12, 16, 8
2_6_20 8, 16
6_10_08 7, 15, 3, 11, 4, 12
7_20_14 8, 16, 4, 12, 13, 5, 9
2_3_22 12, 4
5_2_12 7, 15, 3, 11, 4
7_28_20 13, 5, 9, 1, 2, 10, 14
5_28_10 8, 16, 4, 12, 13
8_27_10 8, 16, 4, 12, 9, 1, 5, 13
1_27_04 13
8_18_18 10, 2, 6, 14, 11, 3, 7, 15
3_15_00 4,12, 8
6_12_22 14, 6, 10, 2, 11, 3
2_28_14 6, 14
1_29_12 10
5_6_16 10, 2, 6, 14, 7
3_29_18 13, 5, 9
7_16_08 8, 16, 4, 12, 9, 1, 5
2_8_02 15, 7
1_6_14 5
7_7_12 8, 16, 4, 12, 1, 9, 13
1_15_08 16
8_17_20 11, 3, 7, 15, 12, 4, 8, 16
2_3_00 1, 9
7_28_12 9, 1, 5, 13, 14, 6, 10
4_5_20 12, 4, 8, 16
2_18_00 13, 5
4_25_22 14, 6, 10, 2
4_2_18 10, 2, 6, 14
3_9_14 10, 2, 6
1_28_18 16
6_30_22 15, 7, 11, 3, 8, 16
5_28_02 4, 12, 16, 8, 9
1_11_00 11
1_7_22 5
7_3_00 1, 9, 13, 5, 10, 2, 6
8_12_02 4, 12, 16, 8, 5, 13, 1, 9
5_19_20 11, 3, 7, 15, 4
6_11_08 7, 15, 3, 11, 8, 16
2_26_02 16, 8
7_27_02 4, 12, 16, 8, 13, 5, 9
7_5_14 9, 1, 5, 13, 10, 2, 6
6_16_02 5, 13, 1, 9, 14, 6
5_24_02 3, 11, 15, 7, 8
3_6_16 6, 14, 2
7_1_12 7, 15, 3, 11, 8, 16, 4
5_10_12 9, 1, 5, 13, 6
6_3_08 5, 13, 1, 9, 6, 14
4_10_18 12, 4, 8, 16
2_14_00 16, 8
1_26_18 8
5_26_16 11, 3, 7, 15, 8
6_7_20 12, 4, 8, 16, 13, 5
6_5_22 13, 5, 9, 1, 14, 6
2_10_06 2, 10
8_29_16 12, 4, 8, 16, 9, 1, 5, 13
6_3_20 11, 3, 7, 15, 12, 4
8_4_10 6, 14, 2, 10, 7, 15, 3, 11
5_20_10 6, 14, 2, 10, 11
2_12_10 4, 12
7_14_20 14, 6, 10, 2, 7, 15, 3
2_30_08 4, 12
6_23_14 9, 1, 5, 13, 10, 2
8_25_22 14, 6, 10, 2, 15, 7, 11, 3
1_26_06 2
6_25_14 10, 2, 6, 14, 11, 3
1_6_16 6
4_1_16 9, 1, 5, 13
1_20_22 16
8_20_14 8, 16, 4, 12, 9, 1, 5, 13
3_1_14 8, 16, 4
5_5_18 11, 3, 7, 15, 12
8_17_08 5, 13, 1, 9, 6, 14, 2, 10
2_25_20 13, 5
7_21_00 2, 10, 14, 6, 3, 11, 15
5_22_14 9, 1, 5, 13, 6
4_18_20 11, 3, 7, 15
4_18_04 3, 11, 15, 7
2_24_16 6, 14
1_25_22 14
1_5_14 9
4_21_08 6, 14, 2, 10
6_18_10 6, 14, 2, 10, 3, 11
7_28_02 4, 12, 16, 8, 9, 1, 5
5_23_06 5, 13, 1, 9, 14
8_29_12 10, 2, 6, 14, 7, 15, 3, 11
8_17_06 4, 12, 16, 8, 5, 13, 1, 9
2_27_16 11, 3
2_14_18 9, 1
8_31_00 4, 12, 16, 8, 1, 9, 13, 5
3_12_14 6, 14, 10
8_6_16 10, 2, 6, 14, 11, 3, 7, 15
6_12_02 4, 12, 16, 8, 1, 9
4_19_20 11, 3, 7, 15
8_29_22 15, 7, 11, 3, 12, 4, 8, 16
6_8_16 10, 2, 6, 14, 7, 15
3_29_22 15, 7, 11
3_9_06 6, 14, 2
1_30_14 7
4_5_08 6, 14, 2, 10
1_19_22 4
5_22_08 6, 14, 2, 10, 3
2_16_16 8, 16
8_18_20 11, 3, 7, 15, 12, 4, 8, 16
1_8_00 6
6_23_06 5, 13, 1, 9, 6, 14
7_30_10 9, 1, 5, 13, 2, 10, 14
5_15_20 14, 6, 10, 2, 3
5_18_08 5, 13, 1, 9, 2
6_28_04 5, 13, 1, 9, 2, 10
7_3_02 2, 10, 14, 6, 11, 3, 7
3_29_10 9, 1, 5
7_17_06 4, 12, 16, 8, 5, 13, 1
6_9_12 9, 1, 5, 13, 10, 2
7_16_00 4, 12, 16, 8, 5, 13, 1
3_15_06 7, 15, 11
3_14_00 16, 8, 12
1_14_16 8
5_28_12 9, 1, 5, 13, 14
7_23_16 10, 2, 6, 14, 3, 11, 15
7_23_20 12, 4, 8, 16, 5, 13, 1
4_13_20 14, 6, 10, 2
2_21_00 2, 10
2_13_16 12, 4
3_31_12 10, 2, 14
8_14_12 10, 2, 6, 14, 7, 15, 3, 11
4_17_10 6, 14, 2, 10
1_2_04 15
5_16_00 4, 12, 16, 8, 5
7_29_14 11, 3, 7, 15, 8, 16, 4
7_26_14 10, 2, 6, 14, 7, 15, 3
5_7_18 11, 3, 7, 15, 4
8_3_08 5, 13, 1, 9, 6, 14, 2, 10
3_19_12 7, 15, 11
4_18_00 1, 9, 13, 5
8_26_10 8, 16, 4, 12, 9, 1, 5, 13
1_4_12 11
2_28_04 1, 9
4_5_18 11, 3, 7, 15
7_11_00 3, 11, 15, 7, 12, 4, 8
3_18_22 8, 16, 4
8_3_04 3, 11, 15, 7, 4, 12, 16, 8
3_8_06 1, 9, 5
1_29_18 13
7_2_10 6, 14, 2, 10, 3, 11, 15
6_2_08 5, 13, 1, 9, 2, 10
1_31_00 12
4_25_04 5, 13, 1, 9
6_19_02 2, 10, 14, 6, 3, 11
4_10_10 8, 16, 4, 12
7_21_12 8, 16, 4, 12, 9, 1, 5
2_18_14 4, 12
3_5_10 7, 15, 3
5_8_20 12, 4, 8, 16, 1
6_4_14 8, 16, 4, 12, 5, 13
2_30_04 2, 10
3_27_20 13, 5, 1
8_5_04 4, 12, 16, 8, 5, 13, 1, 9
4_26_00 3, 11, 15, 7
7_26_04 5, 13, 1, 9, 2, 10, 14
6_8_04 4, 12, 16, 8, 1, 9
6_20_16 9, 1, 5, 13, 6, 14
3_25_22 14, 6, 10
8_12_10 8, 16, 4, 12, 9, 1, 5, 13
8_9_10 8, 16, 4, 12, 9, 1, 5, 13
5_6_14 9, 1, 5, 13, 6
8_3_10 6, 14, 2, 10, 7, 15, 3, 11
4_21_10 7, 15, 3, 11
2_11_22 14, 6
2_5_12 8, 16
8_21_02 3, 11, 15, 7, 4, 12, 16, 8
2_13_04 6, 14
8_14_18 13, 5, 9, 1, 10, 2, 6, 14
7_28_22 14, 6, 10, 2, 3, 11, 15
3_5_20 12, 4, 8
1_29_00 4
4_27_18 12, 4, 8, 16
1_4_02 6
4_3_20 11, 3, 7, 15
1_22_02 15
2_1_18 10, 2
2_15_08 8, 16
7_14_16 12, 4, 8, 16, 5, 13, 1
8_21_04 4, 12, 16, 8, 5, 13, 1, 9
1_17_00 1
3_16_08 4, 12, 8
5_27_02 4, 12, 16, 8, 13
7_9_00 3, 11, 15, 7, 4, 12, 16
4_6_04 4, 12, 16, 8
8_26_04 5, 13, 1, 9, 6, 14, 2, 10
7_13_06 7, 15, 3, 11, 4, 12, 16
6_31_10 9, 1, 5, 13, 6, 14
4_6_00 2, 10, 14, 6
4_30_20 14, 6, 10, 2
1_24_08 10
5_24_16 10, 2, 6, 14, 15
3_30_04 2, 10, 14
2_23_16 10, 2
6_4_12 7, 15, 3, 11, 4, 12
4_30_10 9, 1, 5, 13
4_25_14 10, 2, 6, 14
3_30_16 8, 16, 4
7_6_00 2, 10, 14, 6, 15, 7, 11
3_3_02 2, 10, 6
5_30_04 6, 14, 2, 10, 15
1_7_18 3
5_29_02 5, 13, 1, 9, 2
3_10_18 8, 16, 4
8_13_00 4, 12, 16, 8, 1, 9, 13, 5
2_18_06 16, 8
4_13_06 7, 15, 3, 11
4_15_16 12, 4, 8, 16
6_7_02 3, 11, 15, 7, 4, 12
1_30_22 11
4_17_18 10, 2, 6, 14
4_12_06 6, 14, 2, 10
4_12_12 9, 1, 5, 13
6_7_08 6, 14, 2, 10, 7, 15
